
// 0
0001 5403 0000 2603 0004 0013 0100 6400
0010 0000 0000 0000 3600 3117 0000 7402 3214 0000 0000 2407
0023 0000 0000 0000 0001 0000 0000 3216 0000 0000 0000 4617 0000 0000

// 1
0040 0000 0000 0000 0000 0000 0000 0000 0000 0000 6605 2004 6724
0054 0000 0000 0000 7760 3216 0000 2414 2676 2666 0001
0066 0215 0000 0005 0000 0214 0207 0203 0337 0212 0215 7402
0101 7700 0256 7701 7600 7760

// 2
0106 0177 0017 0277 7776 7477 0260 7540 7522 7563 7775 7773 7767 0077 0200 4000 2032 2157 5715 6000 6200 3140 3206 3140 3216 2021 2407
0140 0521 1565 0477 0534 0554 2274 2502 1312 0721 2465 2157

// 3
0153 2425 0302 2244 2360 0413 
0160 1535 1546 2037 0744 0700 2064 2726
0167 0000 0000 0000 6163 0000 7657 7672 3601 7610 
0200 5576 1137 3022 7001 3100 3026 1226 3013 
0210 1225 4551 1132 3010 3062 1132 3027 4552 4547

// 4
0221 0073 0474 4546 5217 0252 3220
0227 4546 4546 1132 3017 3020 4545 1035 3013 4560 
0240 4561 5362 5271 2026 4554 1124 1065 7640 4566 1060 3010 3062 1067 3410
0256 4560 7410 
0260 4545 4546 1066 1116 7640 5260 4565 4556 5177 4540 0611 1422 7450 5177 3022 1022 7001 5232

// 5
0302 0000 4560 1066 1112 7650 5322 3036 4771 1047 0372 1046 7640 4566 1047 4557 7004 3067 4561 4545 4561 5340
0327 5352 1054 7106 1054 7004 1067 3067 4545 4561 4566 5352 1054 1067 3067 4545 4561 5340 
0350 7410 4566 7100 1067 0104 7640 7020 1067
0360 0106 7460 4566 7640 1373 7020 7004 3065

// 6
0370 5702 5600 7740 2000
0374 2016 2012 1156 7602 1145 1341 5000 4620 5040 5204 5177 7400 2725 2725 2725
0413 0000 7106 7006 7006 5613
0420 4554 1022 4542 4543 0017 4543 0065 1065 
0430 7710 5263 4555 7000 1023 3011 1411 4563 
0440 4566 4540 0606 4544 0065 1422 7450

// 7
0447 5271 
0450 7001 3030 1065 7740 5260 1430 4563 5271 
0460 1430 3067 5225 4555 4566 4540 0610 4544
0470 0065 4544 0017 1413 3022 5676 0611
0477 0000 
0500 3071 7040 4310 1071 3413 7040 4310 5677 
0510 0000 1013 3013 1013 7141 1031 7630 4566 
0520 5710 0000 1721 3071 7040 4310 1321 7001 
0530 3413 7040 4310 5471 0000

// 8
0535 7240 1734 3011 
0540 2334 1117 4310 1117 3071 1411 3413 2071 5345 1117 4310 5734
0554 0000 7240 1754 2354 
0560 3011 1117 3071 1413 3411 2071 5363 5754 
0570 2740 0212 0217 0227 1075 1137 2725 1065 
0600 0610 0614 7472
0603 4554 4555 4566 1023 3022 4545 1066 1116 7650 5541 4550 1374 5210

// 9
0620 1066 0075 4542 4545 4550 1374 7410 5223 1413 4547 0773 0165 4566
0635 4554 2026 4555 
0640 5267 1067 7640 4553 4545 4551 1066 1116 
0650 7640 5244 1423 7450 5271 7001 3030 1065 7700 1430 4563 5273 1430
0665 3067 5237 1023 
0670 5253 3026 5541 1065 7750 5271 4551 5264 
0700 0000 4560 4550

// 10
0703 1771 5700 1066 2300 1202 7650 5317 4561 5700 7410 5700 2300 2300 5700 0000 1721 3012 1412 7510 5340 7041 1066 7640
0732 5324 1721 7040 1012 3054 7410 2321 2321 7300 5721 0000 0104 7041 3071 1067 0104 1071 7650 2344 5744
0756 0000 1036 7640 5364 4545 5756 4552 4547 6776 3402

// 11
0770 5756 1035 0610 0614 0323 0306 0311 0304 
1000 0307 0303 0301 0324 0317 0305 0327 0315 0321 0322 0314
1013 4564 4637 2013 4640 1111 3032 1045 7510 2032 7750 2032 7410 5765 4547 1375 7373 4545 5230 4545 5225 1601 2051
1041 4540 1401 4560 1066 1335 7440

// 12
1047 4566 1030 4542 4540 1612 1413 3030 4407 6430 0000 4547 1375 7201 4566 1030 4542 4540 1612 4547 1375 7176 4566 4543 2032 4540 1612 4543 2032 4543 0017
1105 4540 0610 4544 0017 4544 2032 4544 7470 1413 3030 4407 0430 1733 6430 2525 0000 1045 7740 5541 1030 4542 4543 7470 5301 7503

// 13
1136 7524 4543 2405 5301
1142 0000 2000 0000 4407 1342 4755 6342 0000 3342 3044 5536 6160
1156 4453 7200 5536 1041 1041 1013 0420 0603 0614 1200 1201 7706 2206 0635 1254 0177 1563 6346
1200 7240 3056 4547 1367 0200 2056 5223 4540 1401 1066 4542 1253 4551 2036 7001

// 14
1217 4531 
1220 1413 3066 5200 4540 1613 4530 5201 2026 
1230 4545 4547 1531 0645 4551 5230 4545 4554 1067 3052 5202 1077 4463
1245 7001 1077 4551 3026 4545 5202 0272 4554 4555 4566 1060 3010 3062 1067 3410 1010 3027 4464 3100 2026 4545 4551 4547 0076 1267 4546 5271

// 15
1300 1060 7001 3010 3062 4552 4547 0071 1267 4546 5304 0000 7450 1066 7041 3071 1712 2312 3012 1412 7510 5336 1071 7640 5322 1012 1712 3071 1471 3071 5471
1336 2312 7300 
1340 5712 4453 0360 1357 3347 6002 6141 0100 
1350 0002 6001 3045 3046 7326 3044 5536 0100 
1360 0037 1271 1266 2740 1300

// 16
1365 1267 0261 1310 0245 0242 0241 0243 0244 0240 0254 0273 0215
1401 4564 7200 4566 7000 3062 4546 4545 4550 1771 5224 1066 0122 1061 3061 4545 4550 1771 5224 5217 4562 5235 1061 3056 4663 1413 3061 4662 4453 3171
1436 1061 0101 1202 7650 5322 1060 3030 1030

// 17
1446 7041 1031 7750 5264 1430 7041 1061 7650 5310 1030 1070 5244 2051 1601 1031 1005 7141 1013 7620 4566 1031 1070 3031 1061 3430 2030 1171 3430 2030 4407
1504 0537 6430 0000 5541 1030 3011 1411 7041 1171 7640 5257 2030 2030
1521 5541 3030 1061 3002 1045 3170 1171 3167 5541 0242 0215 7520

// 18
1535 0000 1066 1114 7640 5735 4545 5336 7506 0012 0000 1066 1115 7640 2346 1066 1344 7100 1345 3054 7430 2346 5746
1563 1137 3022 1413 3071 5471 1236 1227 1246 1243 3052 1250 1250 0610 0614
1601 0000 1054 4542 1055 4542 1056 4542 1201

// 19
1611 4542 4545 3055 4564 5227 5332 5343 4540 1405 4564 5244 0212 0377 4566 1137 3030 1111 1054 7450 5247 7001 7650 5323 1054 1121 7710 5364 4562
1645 7410 4566 1054 3024 1024 1121 7700 3024 1024 7041 1055 7710 5310 1055 7112 7012 1331 3274 1055 7640 4544 0044 4407 0000 6525 0000 1125

// 20
1700 3030 1024 1055 7650 5541 1413 3055 5255 4562 7410 5366 1055 4542 1030 3320 4543 0000 1024 3055 4545 4564 5364 5332 5343 5220
1731 0430 4543 0044 1125 3030 3036 4531 
1740 4544 0044 5222 3056 4545 4564 5355 5771 
1750 7000 1056 7104 1066 5343 4562 4566 4201 
1760 1413 4547 2166 6205 4562 4566 4201

// 21
1767 2013 5536 6311 0240 0253 0255 0257 0252 0336 0250 0333 0274 0251 0335 0276 0254 0273 0215 0275
2012 4543 2405 4544 0044 1233 7710 
2020 4451 4407 7000 6232 0000 1125 3030 4251 
2030 5631 1622 0000 0000 0000 0000
2036 0003 0000 1054 1121 7700 5637 1054 1120 7740 2237 5637 0000

// 22
2052 1413 3055 1236 1413 7041 1054 
2060 7640 4566 4545 5651 0000 6002 4555 5664 
2070 2026 4545 1066 1116 7640 5271 1017 7040 
2100 1023 3057 1133 7041 1023 7650
2106 5177 7000 1423 3425 1133 3071 1471 7450 5331 3032 1023 7141 1032 7630 1057 1032 3471 1032 5313 7040 1023 3011 1057 7040 1023

// 23
2137 3012 1057 1060 3060 1010 7040 1012 3032 1010 1057 3010 1412 3411 2032 5352 5265 0000 4464 3066 4550 1623 5757 4551 5757
2167 2533 
2170 2650 2636 2565 2630 2517 2572 2624 2625 
2200 2654 2575 2702 2631 0330 0332 
2206 4564 5241 5224 5215 1066 1112 7440 4566 1135 3060 3533 1060 3031 5177

// 24
2224 4554 1060 3010 4565 2023 1065 7700 1423 4563 5221 1423 3067 5227 1060 3031 5541
2244 0000 1133 3025 1133 3023 1023 3011 1067 7141 1411 7450 2244 7630 5267 1023 3025 1423 7440 5250
2267 1023 7001 3017 3020 5644 0000 4330 7710 1006 1357 1066

// 25
2302 7450 5316 1075 3066 1026 1100 7650 4551 5674 4330 7040 5276 1026 7640 5326 1100 7650 7001 3100 5275 1110 5305
2330 0000 2020 5345 1021 0122 3066 1066 1103 7650 5313 1066 1356 5730 1417 3021 7040 3020 1021 7112 7012 7012 5334 7740 7641
2360 0000 7000 1425 3460 1060 3425 1061 7440 3410

// 26
2371 1010 7001 3060 1060 3031 5760 1250
2400 0614 6202 0757 0757 6250 0001 2000 0000 
2410 0000 0000 0000 7766
2414 0000 6031 5215 6036 0106 7450 5215 1123 5614 0000 1067 4557 0122 4242 1102 4551 1067 4242 1356 3066 4551 5625
2442 0000 0106 3032 1113 3033 5252 2033 3032 1032 1213 7500

// 27
2455 5250 7200 1033 
2460 4551 1032 
2462 1113 4551 
2464 5642 0000 7450 1066 
2470 1116 7450 5276 1077 4463 
2475 5665 1077 4463 1076 5274
2502 0000 1110 
2504 7041 1066 
2506 7450 1352 
2510 1101 7450 
2512 5755 1353 3071 1071 
2516 0354 1356 
2520 7440 1354 7650 5332 1071 0122 7440 4335
2530 7000 5702 1122 4335 5324
2535 0000 2062 5357 1061 3410 3061 1013

// 28
2544 7141 1005 1010 7620 
2550 5735 4566 0040 0377 0140 3004 7640 4557
2560 3061 7040 3062 5735
2564 4545 1066 6213 5770 
2570 1137 4566 4540 1612 4453 6212 5777 1402
2600 0000 0000 7575 3200 7010 3201 6041 5225 6042 3016 1665 7450 5225 6044 3016 3665 1265 7001 0107 1263

// 29
2624 3265 6031 5246 6036 0106 7450 5246 1123 3262 1262 1202 7650 5340 1034 7640 4566 1262 3034 6131 5253 6135 7200 3261
2653 6244 1201 7104 1200 6001 5400 0000 0000 3120 3120 3120 0000 1034 7450 4574 3276 3034 1276 5666 0000 3266 6001 1664 7640 4574 6002 1016 7640 5314

// 30
2710 1266 6046 3016 5323 1266 3664 1264 7001 0107 1263 3264 6001 5676 3326
2726 0000 7240 1326 3067 6001 1016 7640 5333 6002 5342 1123 3067
2742 1105 3057 7040 1263 3010 2016 
2750 7000 3410 2057 5351 3034 1263 3265 1263 
2760 3264 7040 6046 1101 4551 4553 2022 1422 
2770 7450 5377 3067 1101 4551

// 31
2775 4551 4553 1077 4551 1126 3152 5177
3004 1062 7640 5214 1010 7041 1027 7700 5641 1251 4551 1010 3071 7000 2062 5242 1471 0122 1103 7640 5237 7040 3062 7040 1010
3034 3010 1471 0101 3061 5641 2530 1471 0101 1006 7640 5230 3471 5231 0334 1060 3030 1031 7041 1030 7650 5541 1430

// 32
3062 3316 1315 3017 3020 4545 4551 4545 4551 4545 4551 2030 1430 4714 4545 4551 2030 4407 0430 0000 4530 1077 4551 1070 1111 1030 5253 2442 3115 0000 5051
3206 0000 0000 0340 0617 0301 1455 6162 7715
3600 2741 1200 3176 7000 4575 7300

// 33
3606 3414 2057 5206 7200 6213 3667 1262 3670 1263 3671 6201 4666 3655 6212 4664 6211 2400 6211 7400 0400 6212 4667 3651 6132
3636 6134 7240 6133 1261 6132 6135 7200 6046 6001 5650 2216 0110 0030 0076 0002 0100 0025 0023 0001 0101 5772 5773 7200 7773 7774 7775 7776 7777
4620 1045 7710

// 34
4622 4724 3033 4407 4313 6675 0000 4453 3325 4407 7000 6676 0675 2676 6675 4675 6676 1310 6326 0305 3326 2675 1277 6326 0302 4676 1326
4654 6326 0675 3326 4321 
4660 1316 0000 1325 1044 3044 2033 5536 4407 
4670 6675 0316 3675 0000 5536 5321 5325 0004 
4700 2372 1402 7774 2157 5157 0012 5454 0343

// 35
4710 0007 2566 5341 0001 2705 2435 0001 2000 0000 0002 2000 0000 5163 0000 0000 0000 0000 0000
4732 4407 0675 4675 6676 4374 1371 4676 1366 6326 0363 4676 1360 4676 1355 4675 3326 0000 5754 5024
4755 0000 2437 1643 7777 3304 4434 7773 3306 5454 0000 2437 1646 0000 2427 2323 7775

// 36
4775 3427 7052
5000 1045 7710 4363 3033 4407 6635 2637 0000 1045 7710 5221 4407 0637 3635 6635 0000 7240 3362 5623 4732 2362 5634 4407 6635 0636 2635 0000 5634 5301
5035 5321 5315 4716 1045 7450 4566 7710 4566 4407 6756 2637 0000 1045 7450 5536 7700 5264 4407 0637 3756 6756

// 37
5062 0000 7240 3033 1005 3044 7040 
5070 1756 3045 3046 3047 7001 3756 4407 4357 
5100 6635 0756 2637 6756 4353 1350 4756 1345 
5110 4756 1342 4756 1337 4756 1334 4756 1331 
5120 4756 1326 4756 1635 0000 5634 0000 3777
5130 7742 7777 4000 4100 7777 2517 0310 7776 4113 7211 7776 2535 3301 7775 4746 0771

// 38
5150 7774 2236 4304 7771 4544 1735 4726 0000 2613 4414 0000 0000 4451 7240 5763 6213 5126 6213 5130 6213 5132
5177 4407 6321 0315 2321 0000 1045 7740 5214 1045 7700 5536 4451 7040 3033
5215 4407 3305 6325 
5220 0000 4453 4407 7000 6321 0325 2321 4305 6321 2311 0000

// 39
5233 1045 7710 5244 4407 6321 0000 1033 7040 3033 4407 0321 2315 0000 1045 7710 5260 4407 0311 2321 6321 0000
5260 4407 0321 3315 6321 4321 6325 0331 4325 1335 4325 1341 4325 1345 4325 1315 4321
5300 0000 2033 5536 4451 5536 0003 3110 3756 3235 0002 3110 3756 3235 0001 3110 3756 3235

// 40
5321 0000 0000 0000 0000 0000 0000 0000 0000
5331 7764 2501 7015 1042 7771 5464 5514
5340 6150 7775 2431 5361 4736 0000 5325 0414
5350 3167 4540 1612 4407 4375 0000 6132 6134
5360 4453 6133 7200 1006 6132 1123 6134 1374
5370 6132 7200 5773 0611 4600 0007 4700 0000

// 41
5400 0000 3334 1052 4557 0122 3032 1032 7041 7450 1326 3335 1052 7450 5241 0122 3333 1335 1333 7510 5230 7240
5425 1032 3333 7040 1033 7500 7200 1032 7510 5263 1326 7500 7200 1327 3071 1731 1071 3336 1071 7041 3071
5451 1325 2736 1736 1330 7710 5265

// 42
5457 3736 2071 5321 2736 2033 7200 1052 7650 5356 1335 1033 7540 5355 1333 7500 7200 7041 1033 7041 3032
5503 1033 1032 7650 5343 1032 
5510 7001 7710 1105 4336 2032 5303 1102 4551 
5520 5303 7040 1336 3336 5252 0004 7772
5527 0007 7766 6150 6154 0000 0000 0000 0000 4732 
5540 2335 5736 5600 7040 1033

// 43
5545 3033 2334 5353 7040 3334 5313 1414 5313
5555 7200 4732 1102 
5560 4551 2200 1414 4336 2334 5362 7040 3334 
5570 5363 0000 1045 3050 1045 7710 4451 5771
5600 0000 3046 3044 3045 3047 3314 3050 1066 1264 7450 5220 1111 7640 5221 7040 3050 4666 1066 1265 7650 5220 4227 5600 0000

// 44
5630 1066 1262 7650 5627 4561 5627 5247 1054
5640 3313 4267 2314 7640 4566 4666 5230 1066
5650 1112 7710 5627 1066 1263 7740 5627 1066
5660 0122 5240 7473 7446 7525 7540 0756 0000
5670 1047 3043 1046 3042 1045 3041 3312 4315 
5700 4315 4333 4315 1313 3043 3042 3041 4333
5710 1312 5667 0000 0000 0000 0000 1047

// 45
5717 7104 3047 1046 7004 3046 1045 7004 3045 1312
5730 7004 3312 5715 0000 7300 1047 1043 3047
5740 7004 1046 1042 3046 7004 1045 1041 3045
5750 7004 1312 3312 5733 0000 7300 1041 7510
5760 7120 7010 3041 1042 7010 3042 1043 7010
5770 3043 2040 5754 5754 4566
6000 0000 7610 6377 1045 7700

// 46
6005 1334 1336 4551 4753 3033 1044 7510 5227 7440 1341 7750
6020 5234 4407 4744 0000 7001 1033 5211 4407
6030 4752 0000 7040 5225 3745 3746 1350 3014
6040 1044 7140 3354 1343 3044 4527 2354 5245
6050 1746 7450 5270 1342 7710 5264 7001 3414
6060 2044 1342 2033 7000 1746 2033 7000 7410 4747 3414 2044 5270

// 47
6074 1350 3014 1343 4751 5600 1333 4551 1033 7510 7041 3045 1033
6110 7700 1111 1336 4551 1045 2044 1337 7500
6120 5315 1340 3045 7040 1044 7440 4354 1045
6130 4732 5600 2442 0305 7763 0275 0255 7634
6140 0144 7774 7766 7771 6275 5713 5712 5667
6150 7467 5400 6271 5571 0000 1113 4551 5754
6160 7750 2333

// 48
6162 5733 1167 3171 1170 3173 1002 6212 4775 2407 5774 6401 2000 6213 5134
6200 0000 7640 4706 1066 1114 7650 5202 4702
6210 1066 1115 7640 5221 4706 3705 4703 1705
6220 7041 3033 1310 3044 4704 4707 4407 6430
6230 0000 1066 1301 7640 5246 4706 4702 4704
6240 1047 1033 3033 4407 0430

// 49
6245 0000 1033 7450 5600 7700 5261 4407 4275 6430 0000 7001
6260 5266 4407 4271 6430 0000 7040 1033 3033
6270 5246 0004 2400 0000 0000 7775 3146 3147
6300 3150 7473 5600 5627 7173 5714 0756 7335
6310 0043 1066 3056 4545 4550 1771 7410 5313 4562

// 50
6321 4566 4734 4453 3171 1045 3173 1413
6330 6212 4733 5536 1533 1601 0000 4545 1066
6340 4542 4545 4550 1374 5735 5341 4335 1066
6350 1374 7640 5357 1413 4547 6365 7772 4566 
6360 5167 5171 2572 5173 6176 6375 0317 0303
6370 0315 0314 0323 0307 7524 6213 5136
6400 0000 7300 3047 3043 1600 7450 5600

// 51
6407 3264 1264 0123 7650 5216 1104 0200 3040 1106
6420 0264 1040 3040 1265 0264 7650 5233 1440
6430 7450 5572 3040 2200 7040 1040 3015 1264
6440 7106 7006 0107 7450 5271 1266 3264 1664 
6450 7450 5267 3264 1306 3014 1117 3057 1415
6460 3414 2057 5257 5664 0000 0400 6575 1305
6470 5275 1305 3015 7040 1040

// 52
6475 3014 1117 3057 1414 3415 2057 5300 5201 0043 0037 4767
6510 4772 5201 4774 4773 4775 4771 5201 1045
6520 7200 5327 3044 3045 3046 3047 5201 4543
6530 0044 4543 0040 4544 0044 4453 7510 5344 
6540 7040 3264 3043 1045 7640 4566 4543 2405
6550 4544 0044 4544 7470 5362 4543 7470 4544 0040 4770 2264

// 53
6563 5355 5201 4770 5201 7153 7004 7335 6623 5754 6757 5733 6510 6507
6600 7107 6565 6517 0000 6515 0000 7200 1047 
6610 7161 3047 7004 1046 7061 3046 7004 1045
6620 7061 3045 5605 0000 1045 7450 1046 7650
6630 5311 1041 7450 1042 7450 1043 7650 5623
6640 1040 7041 1044 7450 5273 3205 1205 7500 7041

// 54
6651 3322 1322 1336 7710 5275 1205 7700
6660 5265 4357 2322 5261 5273 7040 1040 3040
6670 4723 2322 5270 2223 5623 1040 7700 5304
6700 1044 7700 5623 5306 1044 7700 1205 7740
6710 5623 1040 3044 1041 3045 1042 3046 1043
6720 3047 5623 0000 5754 0000 4751 1044 7750
6730 5353 7001 3043 1350 3040 4223

// 55
6736 0027 2047 5344 2046 7410 2045 3047 4752 1046 5724
6750 0027 5571 7173 3044 3045 3046 5344 0000
6760 7300 1045 7510 7020 7010 3045 1046 7010
6770 3046 1047 7010 3047 2044 5757 5757 0337
7000 0377 0212 0375 7777 0000 7001 1040 4324
7010 7710 4353 3301 3300 3277 3276 1045 3751 1041 4752 0002

// 56
7023 1042 4752 0003 1046 3751 1041 4752 0003 1042 4752 0004 5263 3274
7040 1043 3751 1045 4752 0004 1046 4752 0005
7050 1047 3751 1041 4752 0004 1042 4752 0005
7060 1043 4752 0006 1301 3045 1300 3046 1277
7070 3047 4301 3047 5604 0000 0000 0000 0000
7100 0000 0000 2050 4451 4747 7000 5701 1041

// 57
7110 7650 4566 1040 7041 7001 4324 7700 4353
7120 4750 4301 5723 6401 0000 1044 3044 1124
7130 0045 1041 7700 7040 3050 1045 7450 5746
7140 7710 4451 1041 7450 5746 5724 6522 7335
7150 7261 7256 7200

// 58
7153 0000 7300 1043 7041 3043 1042 7040 7430 7101 3042 1041 7040 7430
7170 7101 3041 5753 0000 1050 7710 4451 5773
7200 0000 7450 5600 3254 3253 1257 3255 7100
7210 1254 7010 3254 1253 7420 5220 7100 1256
7220 7010 3253 2255 5210 1254 7010 3255 1600

// 59
7230 7041 1252 3254 1255 7100 1654 3654 2254
7240 7004 1253 1654 3654 7420 5600 2254 2654
7250 5600 5246 7102 0000 0000 0000 0000 7764
7260 7751 0000 3200 3254 1260 3255 7410 4527 
7270 7100 1042 1046 3256 7004 1045 1041 7420
7300 5304 3045 1256 3046 7200 1254 7004 3254
7310 1200 7004 3200 2255 5267 1254

// 60
7316 3046 1200 3045 5661 7004 3335 2255 5267 1335 3045
7330 1200 3046 1254 3047 5661 0000 4775 4366
7340 1045 7450 1047 7450 1046 7650 5363 1045
7350 7104 7710 5360 4527 7140 1044 3044 5347 
7360 4776 4366 5735 3044 5735 6757 0000 1045
7370 7510 7041 7710 4765 5766 5571 7173
7400 4407 6274 0000

// 61
7403 1045 7710 4566 1044 7510
7410 7020 7010 3270 7430 2270 7000 1267 3271
7420 3272 3273 1275 7450 1276 7650 5265 4407
7430 0274 3270 1270 0000 7240 1044 3044 1044
7440 7041 1270 7640 5261 1045 7041 1271 7640
7450 5261 1046 7041 1272 7500 7041 7001 7700
7460 5536 4407 6270 0000 5227 3044 5536 3015 0000

// 62
7471 0000 0000 0000 0000 0000 0000 7503
7500 0000 0106 1367 7440 5310 3364 2365 5321
7510 1371 7100 1006 7420 7610 1361 7450 5700
7520 2364 6002 6141 0644 1362 0011 0002 6201
7530 2366 1366 1215 7710 1361 1365 7710 5356 1366 6213 4020 6031 5340 6034 1372 7650
7550 6032 1370 3774 3366 3365

// 63
7555 3364 6001 1364 1373 7740 5305 5700 0000 0000 0000 7763
7570 6377 7655 7566 7716 6002
7576 4453 6213 5601 2071 4407 4251 0000 4453 7510 7041
7610 3350 1066 1256 7640 4566 4540 1612 4407 
7620 4253 0000 4453 3351 1271 1247 7650 4566
7630 6002 6211 7350 0350 3671 2271 1351 1250

// 64
7640 3671 2271 7240 3671 6201 6001 5536 2002 7400 0011 2700 0011 3770 0000 7524 0000
7660 7346 1257 3257 6002 1732 6213 4020 6001
7670 5657 1000 0000 1304 3271 6002 6211 7240
7700 3671 6201 6001 5672 2200 6335 4705 1413
7710 4547 7721 7772 4566 7752 7761 7753 7763 7771 7734

// 65
7722 0303 0304 0305 0323 0324 0311
7730 6377 0611 7566 6002 1066 1256 7650 5746
7740 2745 1745 7640 4257 5731 2661 5351
7750 0000 0000 4575 3732 1330 3733 3777 3776
7760 5731 7000 4257 6002 6141 0004 0002 6001
7770 1375 1374 3063 5731 2676 4602 7564 7565

// 68
10001 0000 0400 0200 0125 0000 0000 0360 0000 0000 0000 0000 0001 0760 0000 0000
10020 0000 7450 5061 7040 3006 1076 3005 1007 3077 3001 6141
10033 1325 0450 6045 2077 2015 
10040 1560 7000 4077 4001 6056 0241 2003 4016 
10050 2077 1756 1776 0221 0221 0011 0226 6033

// 69
10060 0456 6141 0077 2200 0645 6102 0077 2000 0646 6102 0002
10073 6203 7200 5420 4377 0000 0171 0173
10102 0056 0000 0415 0456 6072 0500 
10110 6041 0456 6072 1017 0456 1037 0451 6072 
10120 4005 1037 0145 0217 6115 6016
10126 5527 1431 
10130 5531 1520 5533 1203 5535 1233 5537 1202 7774 7775 1171 1000

// 70
10144 1160 1177 1200 0000 0000 0000 2135 1342 1600 1361 0000 0000 2076 0000 0000 2124 0000 0000 0000 0044 0045 0046 7764 6000 7420
10177 6203 5601 5774
10202 4477 7744 5177 2651 4136 2241 
10210 4177 3641 4577 4145 4477 4044 4136 2645 
10220 1077 7710 7741 0041 4142 4076 1077 4324 
10230 0177 0301

// 71
10232 3077 7730 3077 7706 4177 7741 4477 3044 4276 0376 4477 3146 5121 4651 4040 4077 0177 7701 0176 7402 0677 7701 1463 6314 0770 7007 4543 6151
10266 4177 0000 1020 0204 0000 7741 2000 2076 1604 0404 0000 0000 7500 0000 7000 0070 7624 2476 5721 4671 6661 4333 5166 0526 7000 0000 3600 0041

// 72
10322 4100 0036 2050 0050 0404 0437 0500 0006 0404 0404 0001 0000 0601 4030 4536 3651 2101 0177 4523 2151 4122 2651 2414 0477 5172 0651 1506 4225
10356 4443 6050 5126 2651 5122 3651 2200 0000 4601 0000 1000 4224 1212 1212 2442 0010 4020 2055
11000 0000

// 73
11001 3675 1322 3011 1326 3012 1324 3411 
11010 2012 5206 1322 3011 1326 3012 4333 5236 
11020 5330 0324 1277 7450 5261 1300 3411 2012 
11030 5216 4333 5236 5330 7200 5231 1322 3011 1327
11041 3012 1322 3013 1411 7106 7006 7006 1411 3413 2012 5244 7326 3376 4301 5600 5330 1012 1323 7650

// 74
11064 4301 5330 1371 3545 
11070 1276 3675 7240 3546 5256 1462 5265 7735 0043 0000
11102 3371 4333 2301 5701 0324 1325 
11110 7100 1323 3333 7420 5330 1371 7106 7104 
11120 1333 5302 1171 0010 0077 7710 7770 7774 
11130 6203 5732 6357 0000 6203
11135 5736 2564 1354 7450 5733 2333 1355 7450 5733 1356 7450

// 75
11150 5733 1357 2333 5733 7524 7761 0056 0215
11160 0000 6002 4540 1165 5760 0110 0030 0076 
11170 0002 0000 0000 0000 0000 0000 0000 0000 0000 0000 7240
11203 3147 4543 4544 4342 1546 7041 1327 7640 5356 1542 3324 1545 3326 4540 1324 7350 3010 1410 1174 7640 5356

// 76
11230 1304 4262 5254 3147 4543 4544 1327 3546 4361 1542 3324 1545 3326 7350 3010 1007 3410 4262 4541 1324 6203 6001 2147 5722 5661 0603
11262 0000 3306 1330 3200 1600 2200 
11270 7450 5275 3201 4305 5266 1323 3200 2201 4305 2200 5277 5662 5314 0000 7402

// 77
11310 1601 6211 3410 5705 6211 1410 6201 3601
11320 6211 5705 0177 6366 0000 0030 0000 0004 1331 
11331 0035 0410 0411 0412 0060 0031 0013 3206 
11341 0000
11342 0000 6141 0606 1020 1171 6020 
11350 7354 0002 7200 5742 0002 7200 6203 5760 2571 0000 6141 0606 1020 1171 6022 7372

// 78
11370 7354 7375 0606 6024 7354 0002 7200 5761
11400 7524 0066 3157 6201 1601 6211 1200 7640 5623 4543 4544 1157 3546 4555 6203 6001 5621 0611 1133 1130 7510 0010 7455 0012 0003
11431 4302 4622 5236 7000 5257 4366 1226 
11440 7450 5251 1227 7450 5252

// 79
11445 1230 7640 5623 7001 7001 7001 3157 4622 5261 7000 7200
11460 5623 4543 0000 4544 4553 1157 3556 2156
11470 1546 3556 2156 1542 3556 2156 1545 3556
11500 5216 7472 0000 4366 1301 7650 4366 1224
11510 7100 1225 7420 5257 7106 1152 3156 5702
11520 4302 4622 5623 7410 5257 3556

// 80
11526 6002 4560 7307 4560 5216 0000 4554 5346 5341 1551
11540 2151 3164 1551 3165 2151 5354 1370 3164
11550 1551 7710 7040 3165 1551 3166 6203 1164
11560 3567 1165 3570 1166 3571 5733 0000 4622
11570 0027 5623 5766
11600 0000 0376 7106 1152 3156

// 81
11606 3150 1500 3151 6211 1556 7650 5177 1556 3011 1411
11620 3011 3013 1011 7141 1150 7420 5232 3150
11630 2013 5222 7200 1172 3012 1151 7104 3151
11640 1150 7004 3150 1011 7141 1150 7430 3150
11650 7200 1013 7004 3013 7430 5177 2012 5235
11660 1556 2156 7041 3012 7410 2200 1150 2012 5265 3151 1013 7140 1556

// 82
11675 7620 5177 2156 1556 3011 2156 1556 1013 3013 4351 7307
11710 4351 1161 7650 7307 3161 6002 1161 4560 1161 1163 3010 7201 3410 1011 3410 1410
11730 3012 1013 3410 4540 0011 1161 7106 7006
11740 7006 1173 1151 3151 7346 1010 3150 6001
11750 5600 0000 3162 1162 1163 3010 1410 7650
11760 5751 1410 7041 1011

// 83
11764 7640 5751 2010 1410
11770 7041 1013 7640 5751 1162 5336 0007
12000 0000 3010 1567 3164 1570 3165 1571 3166
12010 1010 4554 5266 5224 1164 3551 2151 1165
12020 3551 2151 1166 5271 1164 7450 5244 7700
12030 5251 7100 1165 7510 7020 7010 3165 1166
12040 7010 3166 2164 5231 1165 3551 2151 1166

// 84
12050 5271 1165 7120 7700 7060 7010 3551 2151
12060 1165 7700 7344 7001 3551 5272 6203 5670
12070 7576 3551 7240 3550 6203 5600 0000 1163
12100 3010 1410 7700 5676 1010 3321 7201 3721
12110 1410 3321 1410 3322 1410 3323 4541 2121
12120 5676 0000 0000 0000 0001 0000

// 85
12126 0000 0034 0000 0000 0000 0035 0000
12135 0000 0000 0000 0000 0000 0000 0000 0000
12145 0000 0000 0000 0000 0000 0000 0000 0000
12155 0000 0000 0000 0000 0000 0000 0000 0000
12165 0000 0000 0000 0000 0000 0000 0000 0000

